../../../.git/annex/objects/3X/46/MD5E-s45328--3695b62ca32d63b15ce436ff298b7df9.tsv/MD5E-s45328--3695b62ca32d63b15ce436ff298b7df9.tsv